10 8
('A', 'A') 0.00010758356 0.0007584825 0.003904463 0.00061050645 0.0019497093 0.0025966847 0.0015380101 0.0003726795
('A', 'C') 0.0001338442 0.00013362934 0.00063114846 -0.00057206035 0.0016312578 -0.0024084982 0.002316833 -0.00041135747
('A', 'D') 0.0001072169 0.00020204386 0.0028088344 0.00093242974 -0.0016599413 -0.0029826902 0.00091462897 -0.00046409632
('A', 'B') -0.00048800025 0.0013584611 0.0032411006 0.001423654 0.0018223509 -0.002408658 0.0019689777 0.00019037626
('C', 'C') 0.00016651492 2.3542796e-05 0.000102023856 0.00053603534 0.0013648199 0.00223395 0.003490039 0.00045404956
('C', 'D') 0.00013338804 3.5596055e-05 0.00045404234 -0.0008737108 -0.0013888185 0.002766529 0.001377782 0.0005122618
('B', 'C') -0.00060711877 0.00023933347 0.00052391726 -0.0013340006 0.0015247012 0.002234098 0.0029660356 -0.00021013417
('D', 'D') 0.000106851505 5.382025e-05 0.0020206494 0.0014241048 0.0014132389 0.0034260766 0.0005439146 0.0005779373
('B', 'D') -0.0004863371 0.00036186556 0.0023316175 0.0021743544 -0.0015515111 0.0027667126 0.0011709182 -0.0002370748
('B', 'B') 0.002213575 0.0024330376 0.0026904424 0.0033198516 0.0017033118 0.002234246 0.0025207074 9.72501e-05
