9 8
2 -0.010372249 0.02754056 -0.062485702 -0.02470843 -0.044155512 -0.050957676 -0.039217472 -0.019304909
6 -0.012904066 0.004852092 -0.010100686 0.023152437 -0.03694347 0.04726468 -0.05907655 0.021308439
7 -0.0103369 0.0073362286 -0.044951633 -0.037737314 0.03759307 0.058532696 -0.023321977 0.024040326
1 0.047048643 0.04932583 -0.051869474 -0.057618152 -0.0412712 0.047267813 -0.050206646 -0.009861547
4 0.058773417 0.0049183723 0.023309497 -0.02216838 0.022086373 0.04167907 -0.0589623 0.030636072
5 0.06258558 0.031136239 -0.0268421 0.035583846 -0.049018536 -0.0054495614 0.049556423 -0.025009718
0 -0.026528083 -0.046246428 -0.06007913 0.02235444 -0.036046486 -0.029306667 -0.001053355 -0.05582968
8 0.009264701 -0.044158928 0.011163192 0.024969796 -0.049708195 -0.0107430015 0.02430002 -0.010727591
3 -0.056255817 0.0044870507 0.020474331 0.001861139 0.055574346 0.01081938 0.05042524 -0.04531566
